sod			sTEC			lon			lat			ele
28800.0		0.0159789113676		-153.033496601		19.354702386		51.9389745699
28830.0		0.0268565457214		-153.026261182		19.3393801992		51.8534208255
28860.0		0.024132335714		-153.019481911		19.3240193531		51.7666939385
28890.0		0.0185391554813		-153.012740991		19.3086232872		51.6789523675
28920.0		0.0134227863151		-153.005177474		19.2931587412		51.5902028356
28950.0		-0.00313334436023		-152.998514532		19.2776906016		51.5004944941
28980.0		-0.00496607798059		-152.991455876		19.2621639998		51.4097532421
29010.0		-0.012410846865		-152.984436926		19.246600909		51.3180661922
29040.0		-0.0234744079378		-152.977454622		19.2309986041		51.2253864003
29070.0		-0.0277175756096		-152.970502592		19.2153510061		51.1316087737
29100.0		-0.0477735402444		-152.963590971		19.1996685245		51.0369118395
29130.0		-0.0561524389196		-152.956724205		19.18395598		50.9413790149
29160.0		-0.0518965407496		-152.949448072		19.168157463		50.8447114906
29190.0		-0.0649548630809		-152.942644619		19.1523571521		50.7470755418
29220.0		-0.0620455768149		-152.935877903		19.1365195088		50.6484772391
29250.0		-0.0333636240716		-152.928711721		19.1206008204		50.5489706173
29280.0		-0.0221309104367		-152.92157882		19.1046379071		50.4484766272
29310.0		-0.017886494919		-152.91448405		19.0886360327		50.3470870419
29340.0		-0.0204341378063		-152.907424433		19.0725924515		50.2447540102
29370.0		-0.0305282528775		-152.900393715		19.0565009889		50.1413692213
29400.0		-0.0283949065929		-152.893401842		19.0403722173		50.0371178519
29430.0		-0.0188132509438		-152.886453164		19.0242110125		49.9320860252
29460.0		-0.0145269872805		-152.879530499		19.0079998041		49.825964876
29490.0		-0.0183577093662		-152.872643035		18.9917484493		49.7189276461
29520.0		-0.0326519994967		-152.86579074		18.9754572332		49.6109794659
29550.0		-0.0304223444641		-152.858976446		18.9591294666		49.5021790296
29580.0		-0.0195972495383		-152.851749009		18.9426834312		49.3924423562
29610.0		-0.0312477433556		-152.844558301		18.926196006		49.2818653831
29640.0		-0.0399703892185		-152.837848966		18.9097468794		49.1703994373
29670.0		-0.0332392269606		-152.830720368		18.8931676352		49.057933305
29700.0		-0.03944793085		-152.823629211		18.8765487092		48.9446578474
29730.0		-0.039629604961		-152.816579749		18.8598950306		48.8306613543
29760.0		-0.020236740726		-152.809555081		18.8431887542		48.71562606
29790.0		0.00139740851881		-152.802564284		18.8264399416		48.5997313393
29820.0		0.0269419980294		-152.795607248		18.8096488017		48.4829811242
29850.0		0.0368611314075		-152.788235269		18.7927171714		48.365438532
29880.0		0.0401308174705		-152.781346156		18.7758406799		48.2470147032
29910.0		0.0600518697433		-152.774493617		18.7589259478		48.1278092566
29940.0		0.0796586863876		-152.767221538		18.7418602817		48.0077727865
29970.0		0.0882061681678		-152.75997605		18.7247417617		47.8867914884
30000.0		0.0899390257587		-152.752766757		18.707581278		47.7650609891
30030.0		0.0896781751606		-152.745597821		18.6903838146		47.6426712438
30060.0		0.0936962572151		-152.738452595		18.6731312575		47.5192967075
30090.0		0.0873649520351		-152.731340055		18.6558338757		47.3951220911
30120.0		0.073808539749		-152.724260013		18.6384918017		47.2701499078
30150.0		0.0550828215349		-152.717215478		18.6211087617		47.1444474588
30180.0		0.0386802808846		-152.710201495		18.6036795549		47.0179210959
30210.0		0.0398244246417		-152.702765088		18.5860752358		46.8906736624
30240.0		0.0460915099777		-152.695360269		18.5684221792		46.7626551143
30270.0		0.036306970819		-152.688439702		18.5508540881		46.6337493648
30300.0		0.0190781970984		-152.680636959		18.5329616249		46.5041559495
30330.0		0.0180333185111		-152.673791494		18.5153158267		46.3739660341
30360.0		0.0186331799121		-152.666049759		18.4973213547		46.2428473691
30390.0		0.00828863715743		-152.659259492		18.4795766153		46.1109892545
30420.0		-0.00742959670167		-152.65157987		18.4614827719		45.9783926042
30450.0		-0.0288343051259		-152.644395045		18.4434970489		45.8451286704
30480.0		-0.0471043284346		-152.637239635		18.4254629299		45.7110991378
30510.0		-0.0441035436783		-152.6296564		18.4072242143		45.5764096518
30540.0		-0.033630464024		-152.622103794		18.3889346958		45.4410096301
30570.0		-0.031956594206		-152.614575935		18.3705878745		45.3047810057
30600.0		-0.0464163526464		-152.607082127		18.3521949562		45.1679264379
30630.0		-0.0533108858464		-152.599626366		18.3337610358		45.0305378977
30660.0		-0.0535111842769		-152.592192429		18.3152674851		44.8922774491
30690.0		-0.0577275228564		-152.584789122		18.2967249913		44.7533382933
30720.0		-0.063537723216		-152.577416096		18.2781335348		44.6137196026
30750.0		-0.0849850783205		-152.569146859		18.2591295195		44.4734963594
30780.0		-0.10163933304		-152.561834982		18.2404373755		44.33256573
30810.0		-0.10850967215		-152.554556178		18.2217007883		44.1910357768
30840.0		-0.117207072486		-152.546376156		18.2025328898		44.0488554842
30870.0		-0.123675495934		-152.539151644		18.1836898392		43.9059050986
30900.0		-0.124205872248		-152.531028029		18.1644093982		43.7623896928
30930.0		-0.118515156838		-152.523407536		18.1452809978		43.6184016887
30960.0		-0.121081438371		-152.51580801		18.1260910003		43.473598417
30990.0		-0.128256397034		-152.507770922		18.1066446978		43.3281763553
31020.0		-0.139456026894		-152.499762556		18.0871421874		43.1821328278
31050.0		-0.144829846331		-152.491786198		18.0675878699		43.0355463405
31080.0		-0.133396123688		-152.483836663		18.0479758822		42.8883097108
31110.0		-0.125567619778		-152.475918664		18.028312381		42.7405330728
31140.0		-0.117307422214		-152.468029565		18.0085945948		42.5921650847
31170.0		-0.102829026746		-152.460163592		17.9888158838		42.4430845882
31200.0		-0.0971757052846		-152.452329805		17.9689877721		42.2934984353
31230.0		-0.0958013010157		-152.443593546		17.9486610809		42.143499192
31260.0		-0.0679446178784		-152.435815456		17.9287200832		41.9927403409
31290.0		-0.0304949321393		-152.427596482		17.908494324		41.8414210726
31320.0		-0.0196322026965		-152.419405373		17.8882108299		41.6895367902
31350.0		0.00154246881839		-152.410775411		17.8676363129		41.5371693308
31380.0		0.0524331257052		-152.403111575		17.847478461		41.3842073487
31410.0		0.0826213210222		-152.394537826		17.8267865379		41.2307627407
31440.0		0.0994025183274		-152.385991759		17.8060336415		41.0767839479
31470.0		0.111352944321		-152.377467646		17.7852130723		40.9221486744
31500.0		0.125024255207		-152.368974464		17.7643365239		40.7670649897
31530.0		0.154512524301		-152.36051601		17.7434092765		40.6116253422
31560.0		0.176269508687		-152.352076477		17.722411962		40.4554801792
31590.0		0.196523371215		-152.343664515		17.7013559269		40.2988309027
31620.0		0.205048659762		-152.334336314		17.6797171327		40.1416709487
31650.0		0.211148226013		-152.325981483		17.6585427527		39.9840853084
31680.0		0.227518607184		-152.317179818		17.6370407907		39.8259586672
31710.0		0.213620936901		-152.30840764		17.6154796311		39.6674044128
31740.0		0.191610929593		-152.299190252		17.593584065		39.5083708751
31770.0		0.166843560032		-152.290938317		17.5721647235		39.3487348726
31800.0		0.121141706389		-152.281771995		17.5501383387		39.188705198
31830.0		0.084790097068		-152.272639294		17.5280551985		39.0283739607
31860.0		0.0543687437596		-152.26352448		17.5058956954		38.8673893145
31890.0		0.0328854851644		-152.254436185		17.4836714119		38.7059544278
31920.0		-0.00462112232249		-152.245373743		17.4613820392		38.5440607466
31950.0		-0.0505735475234		-152.235867898		17.4387418949		38.3817962531
31980.0		-0.0846874682583		-152.2263858		17.4160300501		38.2190418632
32010.0		-0.101727814497		-152.217405125		17.3935492002		38.0559122153
32040.0		-0.0955855726649		-152.207504473		17.370408539		37.8923556314
32070.0		-0.122804382661		-152.198570067		17.3477905541		37.7282482781
32100.0		-0.131017437921		-152.188718575		17.3245075921		37.5637992402
32130.0		-0.13585332575		-152.178899736		17.3011623435		37.3991001019
32160.0		-0.176365971611		-152.169097843		17.2777349563		37.2337973954
32190.0		-0.195286185307		-152.159321527		17.2542372598		37.0680956626
32220.0		-0.17356118207		-152.149570035		17.2306688783		36.9019843558
32250.0		-0.128241287914		-152.139847025		17.2070352211		36.7355542974
32280.0		-0.101537547422		-152.129673529		17.1830102667		36.5686828345
32310.0		-0.0707611138681		-152.119527572		17.1589149961		36.4014856451
32340.0		-0.0268673988574		-152.109879958		17.1350710869		36.2339111413
32370.0		-0.00545720835708		-152.099304938		17.1104985496		36.0658350535
32400.0		0.0364281696022		-152.088758003		17.0858532647		35.8974663836
32430.0		0.0919253622024		-152.078716152		17.0614727568		35.7288961904
32460.0		0.125041759851		-152.068690304		17.0370099826		35.5597696834
32490.0		0.15137335945		-152.057742449		17.0118028741		35.3902925841
32520.0		0.17551382656		-152.046818447		16.9865150182		35.2204523618
32550.0		0.18427800718		-152.036395336		16.9614942283		35.0503425401
32580.0		0.17919725269		-152.025994005		16.9363964447		34.8798370952
32610.0		0.148295609608		-152.014672803		16.9105344157		34.7090525602
32640.0		0.105030040589		-152.004322061		16.8852890147		34.5379375283
32670.0		0.0614248123376		-151.993043307		16.8592597417		34.3663674913
32700.0		0.0185480166936		-151.981791741		16.8331533222		34.1945510438
32730.0		-0.0340468904202		-151.970570989		16.8069753608		34.0225782827
32760.0		-0.0937645552036		-151.959365243		16.780705495		33.8500942451
32790.0		-0.129210474952		-151.948183187		16.754356078		33.6773052291
32820.0		-0.160425631989		-151.936078226		16.7271974741		33.5041967433
32850.0		-0.191344848012		-151.924945644		16.7006889703		33.3308648842
32880.0		-0.221976916091		-151.91288836		16.6733601786		33.1571804501
32910.0		-0.229493036227		-151.901801987		16.6466913779		32.9832606667
32940.0		-0.230485487607		-151.889793458		16.6191970616		32.8090543938
32970.0		-0.242555765533		-151.877802318		16.5916092376		32.6344370628
33000.0		-0.24249161506		-151.865837352		16.5639405556		32.4596165824
33030.0		-0.248992140535		-151.85342994		16.5358149961		32.2846821372
33060.0		-0.233165916708		-151.841036558		16.5075887836		32.1092787674
33090.0		-0.19217008816		-151.829137952		16.4796611272		31.9336132345
33120.0		-0.15846231858		-151.816317055		16.4508717713		31.7576691185
33150.0		-0.111868552158		-151.8035221		16.4219953106		31.5815449687
33180.0		-0.0582331455119		-151.790746908		16.3930242984		31.405108592
33210.0		-0.0175707176012		-151.777996332		16.363966207		31.2284777655
33240.0		0.0246239566534		-151.765267776		16.334818445		31.051601692
33270.0		0.0715836181812		-151.751612838		16.3047720468		30.8743559044
33300.0		0.110272646535		-151.738925623		16.2754389667		30.6969473864
33330.0		0.136381093086		-151.72532496		16.2452164206		30.5194643253
33360.0		0.151834248385		-151.711737232		16.2148854342		30.3415521896
33390.0		0.17325970526		-151.698171268		16.1844589625		30.1634179745
33420.0		0.188172270191		-151.684625878		16.1539363832		29.98504337
33450.0		0.177356713624		-151.671105194		16.1233243164		29.8065292664
33480.0		0.167844286321		-151.656662361		16.0917801015		29.6277406584
33510.0		0.162896000209		-151.643183459		16.0609766637		29.44879575
33540.0		0.143089092313		-151.628785318		16.029236889		29.2696441574
33570.0		0.122629161487		-151.614402375		15.9973886525		29.0901616588
33600.0		0.101278539794		-151.600043499		15.9654450873		28.9105541093
33630.0		0.0670125087457		-151.585712247		15.9334121228		28.7309086313
33660.0		0.0330424600675		-151.570453845		15.9004057833		28.5508714955
33690.0		0.0214246319236		-151.555216328		15.867292917		28.3706497321
33720.0		0.0106567775267		-151.539998362		15.8340728562		28.1902231837
33750.0		0.00850204147276		-151.524804223		15.8007525779		28.0096949779
33780.0		0.00260412445107		-151.509627211		15.7673241357		27.8289274671
33810.0		-0.0156959401598		-151.494472306		15.7337954832		27.648039174
33840.0		-0.0388931144464		-151.47840077		15.6992740506		27.4669801904
33870.0		-0.0647509170266		-151.462343279		15.6646337262		27.285626669
33900.0		-0.0766502396919		-151.446308787		15.6298879243		27.1041831631
33930.0		-0.0885519287306		-151.430300839		15.5950427182		26.9227356769
33960.0		-0.0737729375814		-151.414302666		15.5600765765		26.7409316113
33990.0		-0.0479077056365		-151.397389466		15.5240906998		26.5589778589
34020.0		-0.0517430777742		-151.380494499		15.4879878947		26.3768524617
34050.0		-0.0477503804812		-151.363622196		15.4517755106		26.1946606869
34080.0		-0.0401509031558		-151.346765526		15.4154453418		26.0122624061
34110.0		-0.0384512828954		-151.329929554		15.3790056159		25.829776366
34140.0		-0.036283323979		-151.312179866		15.3415194577		25.6471531897
34170.0		-0.0422392690635		-151.294442648		15.3039053452		25.4642695178
34200.0		-0.0326005519025		-151.276726963		15.2661769919		25.2813284569
34230.0		-0.0166306217499		-151.259036354		15.2283406209		25.0984148517
34260.0		-0.0219801557171		-151.240423934		15.1894226062		24.915177519
34290.0		-0.0162937779955		-151.222758758		15.151336136		24.7318230654
34320.0		-0.00210040512171		-151.204180327		15.1121726484		24.5483277808
34350.0		0.00695821225678		-151.184694754		15.0719270474		24.3647989811
34380.0		0.0171888503042		-151.166151415		15.0325157447		24.1810942095
34410.0		0.0261547847475		-151.146699707		14.992013887		23.9973323533
34440.0		0.015099009195		-151.127264837		14.9513836815		23.8134646163
34470.0		-0.00683323916029		-151.107840212		14.9106178596		23.6293682277
34500.0		0.00191846517015		-151.088435043		14.8697304557		23.4452447253
34530.0		0.0307631341394		-151.068127873		14.8277380212		23.2611777642
34560.0		0.0239313373		-151.047826965		14.7855997859		23.0768178248
34590.0		0.00455547194204		-151.027541795		14.7433301978		22.8923711005
34620.0		0.0200781112477		-151.006347117		14.6999261894		22.7078121785
34650.0		0.00609759726136		-150.985172162		14.6563899157		22.523250338
34680.0		0.00906648504645		-150.964931266		14.6137230186		22.3385409373
34710.0		0.0189094845396		-150.942863065		14.5689031221		22.1538029323
34740.0		0.00675639759568		-150.920810034		14.5239405956		21.9689881503
34770.0		0.00321512504529		-150.899685751		14.4798506647		21.7839744972
34800.0		-0.0102980730779		-150.876738149		14.4335800554		21.5989618416
34830.0		-0.027134393388		-150.854729998		14.3882000746		21.4139891708
34860.0		-0.0607967878673		-150.831808508		14.3416374488		21.2288054348
34890.0		-0.0810503612744		-150.808899068		14.2949280387		21.0435334191
34920.0		-0.101567442396		-150.786006662		14.2480804311		20.8582843845
34950.0		-0.122905281031		-150.76220598		14.200039104		20.6729115481
34980.0		-0.104100066395		-150.738420547		14.1518517842		20.4875339765
35010.0		-0.0955002494567		-150.714647091		14.1035162103		20.3021041398
35040.0		-0.10436191602		-150.689963266		14.053966816		20.1165006218
35070.0		-0.0616280499619		-150.66529499		14.004268728		19.9309217056
35100.0		-0.0255780779197		-150.640643478		13.954425678		19.7454052545
35130.0		-0.0120448329172		-150.615081372		13.9033516448		19.5597024539
35160.0		0.0218871010684		-150.589528639		13.8521180719		19.3739337583
35190.0		0.0545876025632		-150.563990475		13.8007340065		19.1882123452
35220.0		0.0667144459556		-150.537546592		13.7481089798		19.0023893981
35250.0		0.0599756687527		-150.511115112		13.6953259983		18.8165840469
35280.0		0.0532976304177		-150.484692545		13.6423828561		18.6307494306
35310.0		0.0429055935727		-150.457361829		13.5881797411		18.4447648674
35340.0		0.0380510374761		-150.430043485		13.5338166353		18.2588269984
35370.0		0.0337253529958		-150.401830498		13.4781977196		18.0729725732
35400.0		0.0212574734741		-150.374524966		13.4235020007		17.8869551013
35430.0		0.0143065219259		-150.34540999		13.366429145		17.7008926964
35460.0		0.00417363281614		-150.316307241		13.3091880467		17.5149003897
35490.0		0.0136567296148		-150.287207088		13.2517689423		17.3288274334
35520.0		0.0288780432368		-150.25811519		13.194181722		17.1427929785
35550.0		0.00354326522977		-150.228123645		13.1353028263		16.9567508565
35580.0		-0.025744239928		-150.1981298		13.0762388306		16.7705811681
35610.0		-0.0364530110434		-150.167240933		13.0158768434		16.5844788678
35640.0		-0.0408729287531		-150.136362152		12.9553422287		16.3984796035
35670.0		-0.0620380171259		-150.105477896		12.8946180709		16.2123392838
35700.0		-0.0724447135629		-150.072792091		12.831436207		16.0261736784
35730.0		-0.0170495162761		-150.041014771		12.7692132059		15.8400996126
35760.0		0.0178288194269		-150.008334672		12.7056574785		15.6539645043
35790.0		0.0199523420284		-149.975658375		12.6419183079		15.4678874882
35820.0		-0.00198906635502		-149.94208376		12.5768408493		15.2818231082
35850.0		-0.0283491353622		-149.908501526		12.5115632136		15.0956522909
35880.0		-0.0268295365152		-149.874025408		12.4449420023		14.9095682671
35910.0		-0.0284830242671		-149.839556932		12.378137382		14.7236488758
35940.0		0.00197216815208		-149.804178224		12.309958357		14.5375544371
35970.0		0.00781686102227		-149.768797039		12.2415814528		14.3514884917
