sod			sTEC			lon			lat			ele			azi
1.0		0.0		119.75371040524728		27.25039473305695		42.11373381759718		321.83683716101444
2.0		-0.001102743739893431		119.75420049746353		27.250502939394618		42.117161124033935		321.84524029432066
3.0		0.001122927197520946		119.75505734187188		27.25021403214155		42.12064693700287		321.8537422629929
4.0		0.00433589805800184		119.75590202806654		27.24992406410006		42.12402404178378		321.86206108344305
5.0		0.005033946042699088		119.75639638978011		27.250032332698343		42.12749165828739		321.8705327357421
6.0		0.0073378394963052596		119.75689094378197		27.250140534447404		42.13096097933414		321.87900745975094
7.0		0.006570160032122479		119.75738168942912		27.25024835978691		42.13439571236771		321.88742401110676
8.0		0.0063405091590490684		119.75787551541785		27.250356342105043		42.13785835278797		321.8958878423024
9.0		0.009791459689485195		119.75836554497667		27.25046394983241		42.14128652105249		321.90429367189677
10.0		0.010316367696261704		119.75886202438916		27.25057197376326		42.14477315186845		321.9127983851043
11.0		0.008750314014039584		119.75970609513149		27.250281281851702		42.148151133644504		321.921119824181
12.0		0.005114150913785337		119.76055996319096		27.249991228979592		42.15161958209613		321.9295942082527
13.0		0.0006368983426296602		119.76105445163351		27.25009882901304		42.15508973245178		321.93807166381504
14.0		0.002479830104496254		119.76154513446235		27.250206055494935		42.158525329187846		321.94649093338865
15.0		0.005624869162374739		119.76203889469296		27.250313436635764		42.16198880066624		321.9549574865172
16.0		-0.0008467736568067456		119.76252886087478		27.250420446007297		42.16541783108558		321.9633660193439
17.0		-0.003598807092381279		119.76302527355371		27.250527866912442		42.168905280051874		321.971873484091
18.0		-0.0004782748550816898		119.76350971326646		27.25063429237092		42.17228413918438		321.9801975486303
19.0		-0.0018135732913332186		119.76436296426819		27.250343509701374		42.175753419888814		321.9886746714639
20.0		-0.00327728914742776		119.76521622462124		27.250052611803905		42.179224399854064		321.997154865564
21.0		-0.0025035767071692975		119.76570684391265		27.25015923968302		42.182660860611286		322.0055768603535
22.0		-0.0015332932479505408		119.76620053766331		27.25026601990569		42.186125163455515		322.0140461423963
23.0		-0.0030105464581293567		119.76669043974896		27.25037243117688		42.1895550563465		322.02245738542274
24.0		-0.0019268394194317507		119.76718678497		27.25047924931706		42.1930433237495		322.0309676087263
25.0		0.003300589695473963		119.76767116068598		27.25058508053724		42.19642306059751		322.0392943056001
26.0		0.004474550407137311		119.76816551069062		27.250691585041015		42.19989317384636		322.0477741742025
27.0		-0.0003985385674402965		119.76901815277722		27.250399958191775		42.203364983723006		322.0562571138673
28.0		-0.0060974012655142604		119.76986681237463		27.25010791561415		42.20680230879458		322.0646818408683
29.0		-0.0066609368575479035		119.7703604389245		27.25021409517886		42.21026744330662		322.0731538588378
30.0		-0.0002481591976492949		119.77085027619538		27.250319908606215		42.21369819897612		322.0815678190547
31.0		0.0023342370366444677		119.77134655323516		27.25042612424315		42.217187285096685		322.09008080796207
32.0		-0.0052073703738571755		119.77183086424048		27.250531361480867		42.22056790000179		322.0984101440528
33.0		-0.010707626357518237		119.77232514691624		27.250637264970326		42.224038846084326		322.1068927654684
34.0		-0.00978888380868418		119.77281962055743		27.250743101057072		42.22751148615012		322.1153784577242
35.0		-0.009061017821670818		119.77366766302441		27.250450333296808		42.230949675839554		322.12380592399023
36.0		-0.011481317999020378		119.77451859307781		27.250157665726803		42.23441564230319		322.13228068490884
37.0		-0.010875550595891043		119.77500836481593		27.250262881567796		42.23784726104949		322.1406973693328
38.0		-0.004465214051703529		119.77550457295153		27.25036849496426		42.24133716615759		322.14921313091423
39.0		-0.0019385575773865214		119.7759888185329		27.250473138476345		42.244718659451706		322.15754511312787
40.0		-0.005542838254537897		119.77648303315861		27.250578441212856		42.24819043864478		322.16603049441994
41.0		-0.0075034092933761965		119.7769774384011		27.250683676415857		42.251663909181836		322.17451894634166
42.0		-0.010987982248804205		119.77746804758628		27.25078854932229		42.255102963767584		322.18294915892494
43.0		-0.013745727567377459		119.77831835725063		27.250495155283343		42.258569762461256		322.1914266698463
44.0		-0.011291961253788469		119.77916470021763		27.250201353341602		42.26200224456843		322.19984608551044
45.0		-0.007231870044784312		119.77966083872668		27.250306364761343		42.2654929689247		322.20836462686094
46.0		-0.005970455723826835		119.78014501817218		27.250410414805668		42.26887534093868		322.2166992621421
47.0		-0.009784590744319189		119.78063916402715		27.25051511705163		42.27234795350791		322.2251874103962
48.0		-0.010234973830089287		119.78113350014983		27.25061975163373		42.27582225477765		322.23367862906423
49.0		-0.008511639101055688		119.78162404297082		27.250724026757435		42.279262174531915		322.2421115950464
50.0		-0.007751644417102972		119.78211764962442		27.250828445060485		42.282729805727904		322.25059186305504
51.0		-0.008511084405058052		119.78296337298866		27.250533920380516		42.28616315146978		322.2590140170164
52.0		-0.008251990377010368		119.78381534517416		27.250239736922843		42.289654695326064		322.26753534525716
53.0		-0.007258733197586856		119.78429945777246		27.250343193758276		42.293037946380736		322.2758726405733
54.0		-0.00847211144474664		119.78479353413618		27.25044729577704		42.296511392578616		322.2843635628935
55.0		-0.008901321828988527		119.78528780041884		27.25055133000212		42.29998652483659		322.2928575554195
56.0		-0.008423267331860435		119.78577827615894		27.25065500760286		42.30342731002995		322.301293281921
57.0		-0.008378914667419036		119.78627181277808		27.250758826088575		42.306895773979285		322.3097763141056
58.0		-0.005898290256058351		119.78676156825733		27.250862289523926		42.31032998362807		322.3182012134587
59.0		-0.001296033161113431		119.7876129177862		27.250567379753477		42.31382234722555		322.32672533573407
60.0		0.0023058743987127662		119.7884521319526		27.250271478630975		42.31720647761992		322.33506529805675
61.0		0.005045472503215194		119.78894613810583		27.25037498068696		42.320680757696756		322.3435590015845
62.0		0.004842097474976473		119.78944033382939		27.250478414819945		42.32415672119266		322.3520557751109
63.0		0.005078715847186441		119.78993074177124		27.25058149515837		42.3275983720742		322.36049426925644
64.0		0.007719586501982227		119.79042420763743		27.250684714091875		42.33106766902914		322.36898007274954
65.0		0.01222339514240596		119.79091389476397		27.250787580771753		42.33450274284411		322.3774077246079
66.0		0.014260403785455874		119.79141000719116		27.250890826584968		42.33799592640968		322.3859346480792
67.0		0.013394909854260367		119.79224859906654		27.25059420846459		42.34138093644955		322.39427728443155
68.0		0.01402088513336281		119.79309697056213		27.25029817508668		42.34485605063386		322.4027737763124
69.0		0.020683165506328233		119.7935910950076		27.25040100939346		42.34833284560409		322.41127333800085
70.0		0.026712433247557732		119.79408143443554		27.250503492731337		42.351775362424085		322.4197146069584
71.0		0.02533359809639622		119.79457482883063		27.250606112378726		42.35524549262412		322.4282031889116
72.0		0.025936204351683388		119.79506444688802		27.25070838256546		42.358681430846		322.4366336003986
73.0		0.027420083824370445		119.7955604868516		27.250811027256255		42.36217543460574		322.4451633322668
74.0		0.024247619907813017		119.79604457728306		27.250912744201333		42.36556132457114		322.453508649669
75.0		0.01880499887949673		119.79689232482858		27.250615987931475		42.369037273097874		322.46200793710096
76.0		0.01836850683344784		119.79774007858606		27.250319117036447		42.372514899767836		322.47051029413524
77.0		0.021701851867127694		119.79823034878467		27.25042100363649		42.37595828276348		322.47895434509195
78.0		0.019735348770453125		119.79872367099053		27.2505230242648		42.379429246433645		322.48744571267383
79.0		0.01942814447763536		119.79921321926464		27.25062469822185		42.382866049309435		322.4958788909644
80.0		0.017355276992428635		119.79970918604441		27.25072674205889		42.386360873470295		322.5044114384399
81.0		0.013804606804417837		119.80019320683239		27.250827866632505		42.389747643643794		322.5127594439571
82.0		0.016157655405092616		119.8006871845053		27.250929608592656		42.39322442672545		322.5212615341414
83.0		0.015646289124865747		119.8015343131145		27.250632015664785		42.39670288531141		322.52976669373146
84.0		0.012512915221060511		119.80202460591966		27.250733324811407		42.40014713470588		322.53821353389156
85.0		0.012433375239869364		119.80287072875689		27.250435453073308		42.40361893206948		322.5467076943091
86.0		0.013899131091246209		119.80336020653242		27.250536531064988		42.40705659982002		322.5551436465753
87.0		0.014480886380810399		119.8038560994097		27.25063797431798		42.410552244588054		322.56367901690834
88.0		0.014843385892312919		119.80434004984455		27.25073850678383		42.413939895234456		322.57202971761654
89.0		0.018715207635307925		119.80483395447986		27.250839649638305		42.41741751307819		322.58053461778655
90.0		0.023651823008205838		119.80532804736424		27.250940724031942		42.420896803789475		322.58904258717195
91.0		0.025095585683066544		119.80617058972994		27.250642021280708		42.424341919792425		322.5974922237588
92.0		0.02487312400830423		119.80666385855989		27.25074286361631		42.42781455105903		322.6059891842368
93.0		0.0228942552190862		119.80750540333715		27.250443884426424		42.431253083907635		322.61442791769633
94.0		0.019612075533087518		119.80800122159236		27.250544727366012		42.434749549466375		322.6229661181405
95.0		0.015313638488958586		119.8084851009658		27.25064466798882		42.4381380808475		322.63131952115174
96.0		0.008867122232887067		119.80897893184645		27.250745212006912		42.441616533650084		322.63982723856526
97.0		0.0024913189434055683		119.80947295062781		27.25084568743735		42.44509665667943		322.6483380249988
98.0		0.00018605248310969887		119.80996319404237		27.250945823032342		42.44854263949799		322.6567904652726
99.0		-0.0013540358321955442		119.81045648173048		27.25104608588577		42.45201610486271		322.66529023305344
100.0		-0.0020383907984986233		119.81129740094043		27.250746389987903		42.45545550301478		322.67373175493475
101.0		-0.000538879039019889		119.81214454724392		27.25044700454291		42.458952789550054		322.6822727927892
102.0		-0.0013382354164713879		119.81262835484776		27.250546353588323		42.46234220191545		322.69062890523566
103.0		-0.0025650428358109825		119.8131221112574		27.250646299040344		42.46582148986401		322.69913944717547
104.0		-0.0037666591641064883		119.81361605521964		27.25074617577841		42.46930244540092		322.707653057947
105.0		-0.00938068050672589		119.81410622659232		27.25084571548665		42.472749295224084		322.71610830917894
106.0		-0.014517226088362091		119.81459943927125		27.25094538018889		42.47622359487623		322.72461089153626
107.0		-0.014542924677364576		119.81508888623509		27.25104470921444		42.479663858528		322.73305520909395
108.0		-0.009397764693733948		119.81593540389254		27.250744603524932		42.483161966215064		322.7415990916823
109.0		-0.005526881176372251		119.81676980614817		27.250443566930645		42.48655225980319		322.7499579207183
110.0		-0.006537864671143189		119.81726348737048		27.250542914087845		42.49003238307087		322.75847129448556
111.0		-0.010982182003233955		119.81775735579775		27.250642192405312		42.493514171291814		322.7669877369038
112.0		-0.020641263584616817		119.81824745441575		27.250741136494412		42.496961888307624		322.77544580640534
113.0		-0.02341091929368674		119.81874059137047		27.250840203317484		42.500437022426134		322.78395121063767
114.0		-0.019548217905980436		119.81922996502901		27.25093893723568		42.50387815177032		322.7923983311622
115.0		-0.018803807650295448		119.81972574255607		27.251038018123133		42.507377080762566		322.80094506581224
116.0		-0.021283863819620892		119.82055951660855		27.25073627057939		42.51076825580275		322.8093066186183
117.0		-0.022340286592456383		119.82140305485032		27.250435060506103		42.514249214560586		322.8178228315523
118.0		-0.019860623228228375		119.8218968470269		27.250533740675714		42.5177318356274		322.8263421129434
119.0		-0.019520417554795187		119.8223868721778		27.2506320894143		42.52118042001278		322.834803008049
120.0		-0.022769234073840353		119.82287993269419		27.25073055863116		42.524656388771135		322.84331124148724
121.0		-0.02542692003800754		119.82336923233514		27.250828697711245		42.528098383983306		322.8517611722818
122.0		-0.025803686062272888		119.82386493241619		27.250927179166805		42.53159813443226		322.8603107663608
123.0		-0.0242774821893427		119.8243487034221		27.251024791801278		42.534990191143486		322.8686750501409
124.0		-0.025361778071383265		119.82519161175478		27.250722864913666		42.53847198554465		322.87719410959284
125.0		-0.023774672584853915		119.82603452357819		27.250420823954688		42.5419554396206		322.8857162373275
126.0		-0.019592264867489977		119.82652447454993		27.25051857761228		42.54540489153906		322.89417996539095
127.0		-0.018837388738698904		119.82701745791361		27.250616449496878		42.548881695092994		322.90269103537753
128.0		-0.019729762758903025		119.82750668282526		27.250713994009068		42.552324556338206		322.91114378376915
129.0		-0.017953408939092454		119.82800230474514		27.250811876308386		42.555825128393145		322.9196962446828
130.0		-0.009569713582716992		119.82848600119772		27.250908898229746		42.559218066977046		322.928063266653
131.0		-0.004118209963491312		119.82897963934725		27.251006488862142		42.562700697175345		322.9365851800175
132.0		-0.006368978270729983		119.82982192007336		27.250703731959664		42.56618498439829		322.9451101614655
133.0		-0.0085799425849577		119.83031188886436		27.250800909093734		42.569635304011236		322.953576729879
134.0		-0.007853928107143492		119.83115316170604		27.250497879288993		42.573112942505404		322.96209064378
135.0		-0.006651767341171715		119.83164231117809		27.250594829504564		42.57655666994738		322.97054621713573
136.0		-0.005049579443457358		119.8321378542206		27.25069211292415		42.580058063731286		322.97910155228715
137.0		-0.005659141990859083		119.83262147541508		27.25078854440295		42.58345188439522		322.9874713197151
138.0		-0.00959796921039209		119.83311503556375		27.250885537624793		42.586935350519184		322.9959960943858
139.0		-0.010391821407234842		119.83360878159576		27.25098246148254		42.59042047103377		323.0045239369706
140.0		-0.005188764463675709		119.83444648783691		27.250678621775066		42.59387165847904		323.01299335312876
141.0		-0.0037394941355114895		119.83493940806243		27.25077531802411		42.59735013205678		323.0215101183504
142.0		-0.0050636049382713315		119.83577611207741		27.250471207580365		42.60079472584427		323.0299685240541
143.0		-0.004558313180885869		119.83627157552765		27.25056789239779		42.60429694147835		323.0385267408856
144.0		-0.004156146465812929		119.83675512075902		27.25066373370553		42.60769164441117		323.04689926104936
145.0		-0.00257478857132409		119.83724860219364		27.250760129792983		42.61117594658808		323.05542690446003
146.0		-0.0031050762338250175		119.8377422691637		27.25085645639301		42.614661900514875		323.06395761560674
147.0		-0.00755873349756744		119.83823217883892		27.25095246258884		42.61811395592985		323.07242988694554
148.0		-0.009234992158335243		119.83872511312342		27.251048580325726		42.6215932647199		323.0809495109116
149.0		-0.002172618712845957		119.83956118566728		27.250743759260907		42.62503872498819		323.08941075636625
150.0		0.008209462079985446		119.84040346335645		27.250439218120306		42.628541762586394		323.0979718623511
151.0		0.014213275039844092		119.84088693191939		27.250534469529374		42.631937347960076		323.10634714254115
152.0		0.015868565101394852		119.8413803339277		27.25063026875961		42.63542248630918		323.1148776621551
153.0		0.01575575612248202		119.84187392112362		27.250725998379618		42.63890927376821		323.12341124933033
154.0		0.01752690542245381		119.84236375382189		27.250821410372662		42.64236219727907		323.13188638330945
155.0		0.01532549774679779		119.84285660814672		27.250916931672197		42.64584234139633		323.1404088734622
156.0		0.009407682835703687		119.84334571231408		27.251012136501014		42.6492886682739		323.1488729661018
157.0		0.0058706797092170325		119.84418735542859		27.25070688124093		42.65279252793321		323.1574369687264
158.0		0.004985778801217873		119.84501690359401		27.25040075527386		42.6561889959245		323.1658150162846
159.0		0.0024360363288609705		119.8455102254635		27.25049595792502		42.659674970548224		323.17434841957845
160.0		-0.0009035218101477618		119.84600373217313		27.250591090843614		42.663162591643655		323.18288489026463
161.0		0.002769850267579573		119.84649348718442		27.25068590890826		42.66661638335952		323.19136289435676
162.0		0.010301490394930769		119.84698626083872		27.25078083404929		42.67009736291603		323.19988825817694
163.0		0.015382199850705094		119.84747528677212		27.250875445466377		42.67354455651791		323.208355205455
164.0		0.013740353997934586		119.84797069490982		27.250970371926616		42.67704923833198		323.2169221122434
165.0		0.009828145433105406		119.84879960902126		27.2506635411147		42.68044658909657		323.22530293451666
166.0		0.0101052029378314		119.84963827150348		27.250357200696694		42.683933400090396		323.2338392289984
167.0		0.013046925794885686		119.8501316970153		27.250451737193526		42.68742185491711		323.242378590705
168.0		0.013853518642828572		119.85062137363151		27.250545961605223		42.69087651494783		323.2508594724276
169.0		0.009777882245102835		119.8511140659041		27.250640290867523		42.69435833003729		323.25938771740675
170.0		0.0031291069895222094		119.85160301289591		27.25073430914901		42.69780639047605		323.2678575268154
171.0		-0.00016134844924665633		119.85209833863038		27.25082863791563		42.70131189451718		323.2764273452977
172.0		-0.002417957769597433		119.85258175622346		27.250922156531715		42.704710128203374		323.2848109496634
173.0		-0.004878437707623107		119.85341978290009		27.25061510543368		42.70819777565306		323.2933501428672
174.0		-0.0030300266056118774		119.85391322005633		27.25070906350411		42.71168706429507		323.3018924031276
175.0		-0.001808205741386321		119.85474740787218		27.250401571880342		42.71514259273303		323.31037617001067
176.0		-0.0036581231896377956		119.85524001805342		27.250495305544753		42.71862524344751		323.3189073036814
177.0		-0.0038103838430825153		119.85572888539527		27.25058873096763		42.722074170813386		323.32737998271705
178.0		-0.0012990007478705851		119.85622412801483		27.250682462323113		42.725580497154915		323.33595272046875
179.0		0.0025176327083856176		119.85670746617073		27.25077539193159		42.72897961390582		323.34433911433723
180.0		0.006326435264931075		119.85720073043535		27.25086884176891		42.73246809788577		323.352881213821
181.0		0.004497773847719432		119.8576941785675		27.25096222148321		42.73595822041802		323.3614263801967
182.0		0.002419929134048405		119.85852773147414		27.2506540228703		42.7394146173481		323.3699130398007
183.0		0.005194372794631502		119.85936411200308		27.25034588150606		42.74289810376134		323.3784470697063
184.0		0.009002719637398227		119.85985289898846		27.250438714348434		42.74634789814595		323.3869226259114
185.0		0.00818518897601923		119.86034805778155		27.250531848576166		42.74985504684661		323.39549829052595
186.0		0.0027871258718771916		119.86083131579764		27.25062418945428		42.75325504678327		323.4038874813126
187.0		0.0024682279486955986		119.86132449712348		27.250717043623716		42.75674436735842		323.41243249466106
188.0		0.0036666933608660674		119.86181786196963		27.25080982754981		42.760235323848335		323.42098057474374
189.0		0.001658578933774497		119.86230748491705		27.25090230755762		42.763692589338206		323.42947013464254
190.0		0.0039000238956873254		119.86314322725664		27.25059345802397		42.7671769115168		323.43800706835765
191.0		0.005289729454040397		119.86397504839746		27.2502842627247		42.770627572997746		323.44648550929315
192.0		-0.0011752777270490605		119.8644701226527		27.250376800109077		42.77413554410249		323.4550641083839
193.0		-0.0012167294980647229		119.86495329982864		27.250468552535114		42.77753642735145		323.4634561035563
194.0		0.002192236849700207		119.86544639750636		27.250560811319666		42.78102658457638		323.4720040383801
195.0		0.0008865075822807062		119.86593967835665		27.250652999741007		42.78451837507251		323.48055503977224
196.0		0.0017487439860620281		119.86642922012224		27.250744886997		42.78797650919111		323.4890475075854
197.0		0.002892575868766392		119.86692176672574		27.25083687028049		42.79146166719226		323.4975873527121
198.0		0.001993914566839523		119.86775295055283		27.25052697050309		42.79491319582897		323.50606868595094
199.0		0.0041544897120611764		119.86859031735862		27.25021732036354		42.79842198938014		323.51465022717025
200.0		0.00646161634416885		119.86907341299334		27.250308484616664		42.8018237560456		323.5230450342003
201.0		0.006470481242440607		119.8695664263141		27.25040014830033		42.805314749963365		323.53159589813356
202.0		0.004588921871068774		119.87005962246015		27.250491741501396		42.808807374513066		323.5401498284793
203.0		6.252080156232166e-05		119.87054908233719		27.25058303628579		42.8122663773069		323.5486452118315
204.0		0.000875803834418239		119.87104154405597		27.250674424893152		42.81575237117652		323.5571879759955
205.0		0.004357626137114804		119.87153027130479		27.250765516067172		42.81920476703007		323.56567220915707
206.0		0.004410695448367353		119.87236699767031		27.250455157989503		42.82271438305488		323.57425670017506
207.0		0.001050423558652474		119.87285010279405		27.25054575145714		42.826117033231455		323.58265432656094
208.0		0.00013318794729108119		119.8736845782831		27.250235058016475		42.829608863875634		323.591208127265
209.0		0.00452697943721471		119.87417768901676		27.25032605628272		42.83310232251118		323.59976499422623
210.0		0.007364811755502265		119.87466706629988		27.250416758876742		42.836562194024154		323.60826330078083
211.0		0.009688426555588853		119.87515944242665		27.250507553093627		42.840049023798485		323.61680899163537
212.0		0.01222256850074803		119.8756480865386		27.250598052598843		42.8435022869148		323.6252961323568
213.0		0.0109679142331372		119.8761430909595		27.250688835460668		42.847012725427355		323.6338835808643
214.0		0.007751051658822317		119.87662620491346		27.250778858214996		42.85041625920616		323.6422840341416
215.0		0.006194611799396798		119.87746003959967		27.25046745936689		42.85390892659952		323.6508407793033
216.0		0.008894939138343829		119.87829387276958		27.250155947544087		42.857403219339275		323.6594005905614
217.0		0.008773655575598822		119.87878316675442		27.25024605822997		42.8608639596085		323.66790182801424
218.0		0.005891473076769051		119.87927545658191		27.250336258342944		42.86435162530921		323.6764504532306
219.0		0.003222074398604218		119.87976401685235		27.25042616646216		42.86780575572044		323.6849405091683
220.0		0.0048559447580770725		119.88025893393917		27.250516353416117		42.87131701673053		323.6935309228936
221.0		0.007759684375576134		119.88074196429443		27.250605788632075		42.874721434189176		323.70193421061765
222.0		0.005851082552317314		119.88123490762268		27.25069570270287		42.87821493834071		323.71049390794343
223.0		0.004624295659646309		119.88206809882047		27.250383486364843		42.88171006520005		323.71905667121894
224.0		0.0061473944700882474		119.88289737844947		27.25007093781264		42.885171674240695		323.72756084727143
225.0		0.007734113935148298		119.88338958127198		27.250160544109306		42.88866017588667		323.73611241456035
226.0		0.007498079515128106		119.88387805699723		27.250249861126377		42.89211517361819		323.74460539340316
227.0		0.010465542674337651		119.88437288604142		27.25033945246169		42.895627257118605		323.7531987800886
228.0		0.010433512557877493		119.88485583209902		27.250428300422257		42.899032558320016		323.7616049098327
229.0		0.009983136221286899		119.88534868828211		27.250517620326313		42.902526899235184		323.7701675670677
230.0		0.009824076116684809		119.88584172597116		27.250606869248493		42.90602286021866		323.7787332901064
231.0		0.008371834028820814		119.8866703648877		27.2502936198838		42.909485338039495		323.7872404124929
232.0		0.008222620533550346		119.88750181125289		27.2499804138682		42.912974675634956		323.79579492958385
233.0		0.007520200822753735		119.88799020172992		27.250069140067943		42.916430540701704		323.80429083904664
234.0		0.00955509318936344		119.88848494202345		27.25015813607479		42.919943446674175		323.8128872064595
235.0		0.006946973938217601		119.88896780308637		27.250246397063997		42.92334963168293		323.8212961858437
236.0		0.0021864289229224987		119.88946057141781		27.250335123090085		42.92684480934891		323.8298618107449
237.0		0.006019932138237077		119.88995352090824		27.25042377801738		42.93034160444278		323.83843050130497
238.0		0.010569057258955582		119.89044274682699		27.2505121481006		42.933804951049645		323.8469405777998
239.0		0.014354821848656281		119.8912735491937		27.250198240127656		42.937295124584544		323.8554980524413
240.0		0.014841774278941847		119.8917619466066		27.250286392467373		42.940751856987255		323.86399690025786
241.0		0.012241418860804388		119.89259509664943		27.24997240774011		42.944265585414		323.8725962562115
242.0		0.0115949066219762		119.89307787201955		27.250060082042857		42.94767265426913		323.8810080928546
243.0		0.00790655816218419		119.89357055179389		27.25014821448074		42.95116866866642		323.88957669321206
244.0		0.005236583301228862		119.89406341238073		27.250236275703447		42.9546662978545		323.89814835909226
245.0		0.0038265443079854734		119.89455255222745		27.250324054806295		42.958130513230934		323.90666139747407
246.0		0.001306894235805107		119.89504467703807		27.250411914627666		42.96162152268797		323.91522183744684
247.0		0.0021754642934219103		119.89553308072517		27.250499493183497		42.965079122424555		323.9237236313911
248.0		0.004108015034977716		119.89636558535662		27.25018480583061		42.9685936732625		323.9323259836988
249.0		0.0049010063955515736		119.89718603366843		27.24986935885161		42.972001626003525		323.9407406852646
250.0		0.00619962493071669		119.89767862418127		27.24995689799205		42.97549847710577		323.9493122689011
251.0		0.007868088048029263		119.8981713951593		27.25004436580139		42.97899694035344		323.957886917912
252.0		0.008080110939983743		119.89866044823192		27.250131554210856		42.98246202447988		323.9664029259995
253.0		0.004496271632405573		119.89915248325879		27.250218821164438		42.98595386983614		323.97496633911874
254.0		0.0033953271572956605		119.89964079963208		27.2503058095526		42.98941233688586		323.9834710869762
255.0		0.005999798361095767		119.90013545771238		27.25039305434331		42.992927710088175		323.99207644348945
256.0		0.0067553773598586705		119.90095526127703		27.25007691397394		42.996336546739585		324.00049401765983
257.0		0.00489228333370343		119.90178478335602		27.249761177124977		42.99983423450303		324.00906859241223
258.0		0.003776215492442591		119.90227746402145		27.249848051813164		43.00333353177256		324.017646232404
259.0		0.001973288067128059		119.90276642961867		27.249934649817227		43.00679948461927		324.0261652180424
260.0		-0.0015580008819114748		119.90325837415784		27.250021324195366		43.01029216583211		324.0347316121339
261.0		-0.0028029945781635835		119.9037466025161		27.250107722704485		43.013751500164176		324.0432393217167
262.0		-0.0054444900058220405		119.90424116906148		27.250194373125108		43.01726769567775		324.0518476903212
263.0		-0.007626155944064971		119.90472386695497		27.250280321629333		43.020677416251104		324.06026814479924
264.0		-0.005454117909814491		119.9055527424503		27.249963885610516		43.02417594062387		324.06884571853533
265.0		-0.003833762352397352		119.9060454259166		27.25005018381022		43.02767607186632		324.0774263573836
266.0		-0.005738539064992282		119.90687049117048		27.249733345135454		43.03114289338471		324.08594832843005
267.0		-0.010640377277994483		119.90736234451923		27.249819427231497		43.03463641040596		324.0945177113542
268.0		-0.015566108818027072		119.90785048416213		27.249905236151164		43.038096611981715		324.1030283905058
269.0		-0.016667158046740776		119.90834495846828		27.24999129249674		43.04161362974237		324.11163977911303
270.0		-0.01575490008812931		119.9088275679248		27.250076655254638		43.04502423424242		324.12006312163413
271.0		-0.01805176777374152		119.90932007403245		27.250162448750956		43.04852359516219		324.1286437022481
272.0		-0.022833492943848076		119.90981275963469		27.25024817054429		43.05202456031079		324.1372273478423
273.0		-0.025285549941767526		119.91063717925964		27.249930636365377		43.055492250450136		324.145752312195
274.0		-0.02343105155610982		119.9114643891338		27.24961313379109		43.058986603219466		324.1543246918364
275.0		-0.01736077766453631		119.91195243936212		27.249698353411887		43.062447671994335		324.1628383484351
276.0		-0.01643264942089685		119.9124468207241		27.249783815978358		43.06596551191592		324.17145276496245
277.0		-0.018383036306099533		119.912929341049		27.24986859327961		43.06937700033556		324.179879003286
278.0		-0.015409034703043084		119.91342175512077		27.24995379443926		43.07287719773		324.1884625986999
279.0		-0.01451409237880747		119.91391434834043		27.250038923781972		43.07637899671042		324.19704925896093
280.0		-0.015985301954646966		119.91440323359897		27.250123784460843		43.07984755541219		324.20557722454976
281.0		-0.019777679306865324		119.9152297945532		27.24980558526775		43.08334274386011		324.2141526088219
282.0		-0.02106174400477324		119.91605246291233		27.249487078012915		43.08680467976687		324.22266925075064
283.0		-0.020879212027228717		119.9165467506265		27.249571947097284		43.09032334175945		324.2312867031552
284.0		-0.02108684239542858		119.91702918112628		27.24965613923255		43.09373571408542		324.23971584507404
285.0		-0.013429059134966656		119.91752150246029		27.249740748351073		43.0972367478715		324.2483024632362
286.0		-0.004969724832462448		119.91801400259584		27.249825285539202		43.100739380603244		324.25689214611975
287.0		-0.004176391133600217		119.91850279761705		27.249909556763168		43.10420880778257		324.2654231208735
288.0		-0.0038651158088051866		119.91899456065109		27.249993895750638		43.10770483182794		324.2740015177144
289.0		-0.0033419713538404092		119.91981658102098		27.249674695542932		43.11116763480023		324.2825211529033
290.0		-0.006757885544685427		119.9203108686196		27.249758987421025		43.11468711876364		324.29114164916894
291.0		-0.009690912452674654		119.92112708296077		27.249439296648855		43.11810037496504		324.29957370248997
292.0		-0.008066316772080558		119.92161931085549		27.249523314022756		43.12160224504728		324.30816335137246
293.0		-0.007634919102485848		119.92211171720511		27.249607259353294		43.12510571143087		324.3167560648463
294.0		-0.007732984619464691		119.92260042129087		27.249690941415093		43.12857600700842		324.3252900567487
295.0		-0.0043159251166281255		119.92309209036785		27.24977468909171		43.13207286655897		324.33387147412265
296.0		-8.576225100984276e-05		119.92358005424528		27.249858174225707		43.13553653651194		324.34239411051425
297.0		0.0025874941991871512		119.92407434106347		27.24994188898376		43.139056842334895		324.35101765865124
298.0		0.004111008483448044		119.92488990579852		27.24962151015536		43.14247098237325		324.3594526312125
299.0		0.003065691272053744		119.92571517511753		27.249301494997848		43.14597368864701		324.3680453188168
300.0		0.001292455584716391		119.92620748698084		27.249384848768756		43.14947798857963		324.3766410708884
301.0		0.003228313923163547		119.92669609943279		27.249467941962102		43.152949152456635		324.3851780879349
302.0		0.004843078914713625		119.92718767385233		27.24955109862595		43.156446847406265		324.3937625338269
303.0		0.007102281510012151		119.92767554556035		27.24963399542201		43.159911384248076		324.4022881793971
304.0		0.008798136273583553		119.92816973666244		27.24971711738208		43.1634325118126		324.4109147874495
305.0		0.010624545436756555		119.92865207753464		27.249799587057378		43.16684753563923		324.4193526871163
306.0		0.012249110117431645		119.92947669537294		27.249478878090134		43.17035107798728		324.42794842146736
307.0		0.010350991502010678		119.92996900598078		27.249561656303527		43.17385621135172		324.4365472201644
308.0		0.008687957227967703		119.93078982686168		27.24924056195677		43.17732824342326		324.44508727038493
309.0		0.008074720032904131		119.9312813059244		27.249323127906973		43.18082677365739		324.45367475281114
310.0		0.008344882405930835		119.93176908476623		27.2494054366604		43.18429217728561		324.4622034155629
311.0		0.005166367585598065		119.93226317945002		27.24948796612324		43.18781412645052		324.47083309157983
312.0		0.0021008317524915205		119.93274542776508		27.24956985159512		43.19123003400968		324.47927392625
313.0		0.005336067194109339		119.93323755897045		27.249652126745346		43.19473441230105		324.48787271539453
314.0		0.004533007004473908		119.93372986766029		27.249734329488792		43.198240378969864		324.4964745687725
315.0		0.0009289438498807797		119.93455003804193		27.249412544986154		43.20171327911528		324.50501766021523
316.0		0.005103759669115094		119.93537298140895		27.249090780495393		43.20521264451375		324.5136081872276
317.0		0.009178565727290455		119.93586066668786		27.249172501502457		43.20867891481068		324.52213987518223
318.0		0.00868554507090185		119.93635466425316		27.249254438769835		43.21220168543593		324.5307726272607
319.0		0.008318306713124526		119.9368368193195		27.249335740333652		43.21561847665278		324.53921640484424
320.0		0.006718166841018026		119.93732885432354		27.249417424722694		43.21912369075027		324.54781825686354
321.0		0.006028087899821155		119.93782106646655		27.24949903659395		43.222630490587136		324.5564231730084
322.0		0.007953296038969535		119.93830958635472		27.24958039584006		43.22610425867547		324.56496931374903
323.0		0.005973284014324128		119.93913187592645		27.24925794010892		43.229604459099484		324.5735628934126
324.0		-0.0008177664489396703		119.93995028615764		27.248935193516928		43.23307159594391		324.58209761463166
325.0		-0.0053263466633046205		119.94044418590398		27.249016538891528		43.23659518787052		324.5907334508816
326.0		-0.008065913039463753		119.94092624703116		27.249097256843594		43.24001286266447		324.59918017932296
327.0		-0.009429094287079467		119.94141818513576		27.24917835077275		43.243518912421926		324.6077851023291
328.0		-0.011891377053324607		119.94191030003302		27.249259372073567		43.247026545273755		324.6163930893433
329.0		-0.012223054997791156		119.9423987255385		27.24934014342432		43.250501181166264		324.62494228749017
330.0		-0.010816742682391738		119.94289010203238		27.24942096973325		43.25400221647259		324.6335389279081
331.0		-0.012728818298497513		119.94370785942344		27.24909753555487		43.25747021972194		324.6420766904607
332.0		-0.010065784873213059		119.94420175499836		27.249178304680058		43.26099463278805		324.6507156190333
333.0		-0.009378183176379935		119.94501370573971		27.248854404702712		43.26441319106583		324.65916530630045
334.0		-0.013352716710268522		119.94550554624666		27.248934908474162		43.26792007632007		324.66777330842126
335.0		-0.015725960520815763		119.94599756320072		27.24901533950729		43.27142854202903		324.6763843744453
336.0		-0.01631691568938854		119.94648589362848		27.249095523261133		43.27490404557716		324.68493663813535
337.0		-0.014537034895695961		119.94697717201089		27.24917575985021		43.27840591560004		324.6935363474176
338.0		-0.01000913135342514		119.94746475874072		27.249255749795534		43.28187478511184		324.70207715941945
339.0		-0.008996917440253676		119.94795864948131		27.24933594276298		43.28540001913983		324.7107191884844
340.0		-0.010534515487679216		119.94876994580405		27.249011360102966		43.2888194607958		324.7191718425689
341.0		-0.009746913687507776		119.94959093250289		27.24868710141277		43.29232718137867		324.7277829319702
342.0		-0.008203818704298394		119.95008285081607		27.24876694248185		43.295836479769186		324.7363970851592
343.0		-0.006448638289144798		119.95057108547104		27.248846538938174		43.29931285080788		324.74495242254653
344.0		-0.007711350893843577		119.95106226504609		27.24892618611124		43.30281555538317		324.75355520885194
345.0		-0.007871544369490547		119.95154975547096		27.24900558929368		43.306285290995724		324.7620990784313
346.0		-0.005253865850424372		119.95204354633331		27.249085191069362		43.30981134579741		324.77074421618596
347.0		-0.003420266081940536		119.95252550573053		27.249164189999433		43.31323167072177		324.77919984511806
348.0		-0.0009972401649677586		119.95334583609797		27.24883924289934		43.31674022644708		324.7878140299799
349.0		0.0025434857246550576		119.95383774911477		27.248918509375027		43.32025035733926		324.7964312785282
350.0		0.004379587666128175		119.95465429592034		27.24859319405022		43.32372759569385		324.80498969779666
351.0		0.007695778381237793		119.95514537599226		27.248672252112073		43.32723113464159		324.8135955693025
352.0		0.010152695749088236		119.95563276941922		27.248751068832647		43.33070173619057		324.822142504629
353.0		0.011237297384088418		119.95612645970478		27.248830079723064		43.334228611558885		324.8307907592842
354.0		0.014164546682303887		119.95660832244305		27.248908496026267		43.33764981962633		324.83924937111277
355.0		0.01564421813272609		119.95710005402572		27.248987261094882		43.34115921030104		324.8478666596497
356.0		0.02011382157482911		119.9575919610859		27.249065953070193		43.34467017350405		324.85648701177877
357.0		0.024554949971451356		119.9584078525682		27.248739952977257		43.34814827898838		324.8650485211382
358.0		0.022960732054510862		119.95922649970983		27.248413961455494		43.35165265211776		324.8736574860493
359.0		0.020266738952132206		119.95971379544528		27.248492192016105		43.35512411941561		324.88220749529796
360.0		0.02128787928209484		119.96020738445776		27.248570612328752		43.3586518151475		324.8908588751185
361.0		0.021466265126954837		119.96068914984946		27.24864844630612		43.362073906222356		324.8993204779198
362.0		0.020349269520994483		119.9611807810854		27.24872662222305		43.365584131642066		324.9079408783735
363.0		0.01970308643267482		119.9616725874532		27.248804724938587		43.36909592694606		324.91656434231805
364.0		0.019392112288282668		119.9621607173677		27.248882590925582		43.37257489936655		324.92512895001187
365.0		0.020352354610195234		119.96297870588597		27.24855591358141		43.37608010647573		324.93374101656025
366.0		0.01930887194692752		119.9634659964657		27.248633573057283		43.379552439335825		324.9422941079546
367.0		0.01979379559570052		119.96428631546034		27.24830679249817		43.38308095520578		324.9509486212123
368.0		0.018562381165770026		119.96476798281797		27.24838404445164		43.386503929137604		324.95941322308244
369.0		0.021199318418422455		119.9652595130122		27.248461631523845		43.390014989086296		324.96803674372046
370.0		0.025078776940966708		119.96575121799272		27.248539145287054		43.3935276162749		324.9766633277505
371.0		0.02158294801848747		119.96623924939816		27.248616424972095		43.39700745542615		324.9852310420482
372.0		0.018892618088817613		119.9667302146961		27.248693746960054		43.400513496301905		324.9938462184928
373.0		0.02085685812764211		119.96721749946286		27.248770835443455		43.40398669451448		325.0024024002619
374.0		0.02066905591826306		119.96803715841419		27.248443368436888		43.407516030289756		325.0110600552628
375.0		0.015492058679811845		119.9688448162239		27.24811529408258		43.41093988692893		325.01952766434624
376.0		0.01155970990873604		119.96933624468153		27.248192292617954		43.41445178117482		325.02815431345533
377.0		0.010291149154840485		119.9698278475809		27.24826921773726		43.41796524002399		325.0367840258741
378.0		0.010645364533669752		119.97031577978525		27.248345911424433		43.421445945686656		325.0453548550676
379.0		0.010207842222961326		119.97080664283818		27.248422645317476		43.424952820100714		325.05397314968724
380.0		0.00793756807264842		119.97129382787526		27.2484991483411		43.42842688346028		325.0625324301148
381.0		0.0067932115324771634		119.97178729783201		27.24857582796252		43.431957038896556		325.071193235192
382.0		0.006941204301908227		119.97259429645736		27.248247076338174		43.43538177806236		325.07966385962374
383.0		0.006419926817671793		119.97341097097569		27.247918609133105		43.4388945063758		325.0882936455418
384.0		0.003252589898462106		119.9739024710997		27.247994945917828		43.442408796641836		325.0969264946651
385.0		-0.0015642524578402964		119.97439030341208		27.24807105391225		43.44589036858887		325.1055004470796
386.0		-0.0048907555272023045		119.97488106352706		27.248147200019854		43.449398076305556		325.1141218681872
387.0		-0.0034512368739465712		119.9753681481436		27.248223117889403		43.45287300458427		325.12268425556437
388.0		-0.0008374356126287876		119.97586151407951		27.248299207959235		43.4564039794212		325.1313482190696
389.0		-0.0031314562569200797		119.97634306765524		27.248374744427576		43.459829600945866		325.13982186705493
390.0		-0.005502985520252625		119.97683447878443		27.248450595700838		43.46334316306972		325.1484547981181
391.0		-0.004253742028124979		119.97765057184066		27.248121357440247		43.4668582845057		325.1570907923036
392.0		-0.00523941694097941		119.97846281516772		27.247791856072105		43.47034072249437		325.1656678762833
393.0		-0.006829489993794525		119.97895347165309		27.247867414704782		43.47384926327126		325.1742924322276
394.0		-0.011000685495771254		119.97944045515844		27.247942747726906		43.47732505622543		325.1828579348643
395.0		-0.01530744647026334		119.97993371638029		27.248018248557337		43.480856850204525		325.1915250652
396.0		-0.012082003461212215		119.98041516921442		27.248093204008846		43.48428335388482		325.20000174492753
397.0		-0.013277643750421415		119.98090647656382		27.24816846746209		43.48779774956566		325.20863782952637
398.0		-0.01975420088969721		119.98139795738463		27.248243657152653		43.49131370190567		325.2172769771447
399.0		-0.023723181549850425		119.98220954061216		27.24791347644336		43.49479700568633		325.22585720106986
400.0		-0.021395789514571755		119.98302386211152		27.247583293016792		43.49830637926111		325.2344849002111
401.0		-0.021751913552745937		119.98351074381698		27.2476580414991		43.501783036648476		325.24305352646707
402.0		-0.02412704075448189		119.98400389963038		27.247732953403244		43.50531564948322		325.25172383203386
403.0		-0.020672310531483586		119.98448525104024		27.24780732814462		43.50874303512897		325.2602035517626
404.0		-0.021378895123502956		119.98497645391649		27.247882004089433		43.51225826408293		325.2688427982804
405.0		-0.020722306726536594		119.98546782992034		27.247956606166447		43.51577504706204		325.27748510775234
406.0		-0.014626971818031702		119.98595554536662		27.24803098726894		43.51925921636959		325.2860684800226
407.0		-0.011680433944769104		119.98644618059191		27.248105400245123		43.5227694224683		325.294699330748
408.0		-0.01171627268479218		119.98725607601038		27.247774301865537		43.526246944034845		325.3032710890102
409.0		-0.01609245257848568		119.98807205873496		27.2474433261505		43.52978037543912		325.3119445782568
410.0		-0.01812231601426075		119.98855330803572		27.247517120489213		43.533208642825294		325.3204273462302
411.0		-0.012990798248496645		119.98904440574846		27.24759120923827		43.536724704776724		325.32906976311347
412.0		-0.011368372262193937		119.98953567624346		27.247665224014803		43.54024231810604		325.3377152428644
413.0		-0.013541388911791817		119.99002328907369		27.2477390204424		43.543727352663694		325.34630177190644
414.0		-0.011374305366801505		119.99051381863075		27.24781284666806		43.547238391014		325.35493578265414
415.0		-0.004278200584761945		119.99100068136866		27.24788645506036		43.55071677648192		325.363510681314
416.0		0.0029476677306181087		119.99181599926678		27.247554798369375		43.554251026150766		325.37218736270376
417.0		0.006258700985236943		119.99261933511252		27.24722258470406		43.55768017506053		325.3806731872276
418.0		0.008296495165824333		119.99311032697095		27.247296086570906		43.56119706971418		325.3893187829354
419.0		0.009785788972069748		119.99360149126652		27.247369514361036		43.56471551309755		325.3979674414258
420.0		0.009066651622902218		119.99408900079273		27.24744272642349		43.56820141262225		325.406557135703
421.0		0.010139006840555862		119.99457942399118		27.247515966212834		43.57171328292723		325.4151943149148
422.0		0.016942381045923046		119.99506618289934		27.247588990782084		43.575192532015734		325.4237723624067
423.0		0.019258971572637375		119.9955592074777		27.247662165703456		43.57872759964102		325.43245224444524
424.0		0.01692300768424922		119.99604043511536		27.247734827876986		43.582157629834335		325.4409411338309
425.0		0.017677446438063144		119.99685285893162		27.24740220942835		43.585675356879634		325.4495899168429
426.0		0.018413301583769862		119.99766526990787		27.247069480875375		43.58919463001343		325.4582417625684
427.0		0.01941751235848254		119.99815267544213		27.247142108883388		43.592681394205194		325.4668346305619
428.0		0.01940727479673047		119.99864299159283		27.24721476255156		43.59619409616144		325.4754749867161
429.0		0.017718676061436355		119.99912964598458		27.247287203609122		43.59967420857902		325.4840561915028
430.0		0.018094873199164408		119.99962256242058		27.247359790652794		43.60321009383129		325.4927392827061
431.0		0.020007678879117908		120.00010368593652		27.2474318731416		43.606641005061924		325.5012312453013
432.0		0.02060466680922385		120.00059465244182		27.24750422979507		43.61015956418095		325.5098832241323
433.0		0.02153099981728404		120.00140639720053		27.247170823738628		43.61367966674584		325.5185382656081
434.0		0.02163961222727009		120.00189379159946		27.247242881753024		43.61716729529868		325.5271343158365
435.0		0.020507952274364177		120.00270451636133		27.24690923936331		43.620680828586636		325.53577785743107
436.0		0.019132147202503797		120.00319106555081		27.24698109722149		43.62416180403273		325.54436222800757
437.0		0.019896882849750396		120.00368387315376		27.247053096705297		43.62769850657366		325.55304853692365
438.0		0.02103621022667043		120.00416489186722		27.247124599820644		43.63113029858629		325.56154358110786
439.0		0.016120402663275066		120.0046557504831		27.247196370325298		43.634649689449844		325.57019876430087
440.0		0.014446751904510845		120.00514678056909		27.247268066415153		43.63817062111518		325.57885701007035
441.0		0.014792616081578714		120.005634163179		27.247339554536328		43.641659113706154		325.58745625107036
442.0		0.012448798595839314		120.00644422059632		27.247005236323343		43.64517347800303		325.59610298664535
443.0		0.010599774846611402		120.00725043653074		27.246670675306174		43.64865531615531		325.6046905315158
444.0		0.009577478975481626		120.00774313461115		27.2467420875489		43.652192835640435		325.6133800667308
445.0		0.007434686981969232		120.00822404784131		27.246813011602956		43.655625508162096		325.62187820089895
446.0		0.00565028775514297		120.00871479787935		27.246884196276117		43.65914573042856		325.63053659702337
447.0		0.008284126744611138		120.00920571904328		27.246955306432167		43.66266749085262		325.6391980556587
448.0		0.011366466721733881		120.00969299563613		27.247026211224554		43.66615684715176		325.6478004960028
449.0		0.00958424874561598		120.01018317478564		27.247097135510625		43.66967204211586		325.65645043411286
450.0		0.0031032043424643425		120.01098872440055		27.246761902289702		43.6731547426473		325.6650411618212
451.0		-0.0005304050386369164		120.01148140690643		27.246832741137737		43.67669307872171		325.6737339319511
452.0		-0.00318846107258464		120.01228114879946		27.24649711218433		43.68012663146672		325.6822351645238
453.0		-0.008961584770374965		120.01277178957257		27.246567711344237		43.68364768478769		325.6908967821854
454.0		-0.009518764690813045		120.0132626011266		27.246638235885225		43.68717027361598		325.69956146228475
455.0		-0.006233814366090067		120.01374977101707		27.246708557663254		43.690660493278735		325.7081671105675
456.0		-0.009038410718996456		120.01423984040113		27.24677889688526		43.69417651856344		325.71682025980743
457.0		-0.011895787487472803		120.01472625676566		27.246849033819647		43.69766008113201		325.7254141789192
458.0		-0.012270710697712869		120.01521892303975		27.246919299379933		43.701199233421406		325.73411019259396
459.0		-0.013484119764921112		120.01601799714264		27.246583003144924		43.70463366610162		325.7426145320352
460.0		-0.012865070808319834		120.01682672050981		27.24624691923331		43.708155550108486		325.7512793798522
461.0		-0.012738354237780714		120.01731742176727		27.246316858478917		43.71167896697658		325.7599472900442
462.0		-0.013617681609524033		120.01780448427088		27.246386597557944		43.71517004964944		325.7685561548937
463.0		-0.015941275637471365		120.0182944432029		27.246456352035686		43.71868690488861		325.77721252387164
464.0		-0.017762647664796325		120.0187807516589		27.2465259068172		43.722171329148864		325.78580964299505
465.0		-0.01939933830999391		120.01927330637695		27.246595585884723		43.72571129726718		325.79450890887216
466.0		-0.022240500439352346		120.0197540838747		27.24666480108759		43.72914660957815		325.803016363665
467.0		-0.02308695844331858		120.02056213743242		27.24632804424262		43.732669323895024		325.81168445029147
468.0		-0.023780650591648526		120.0210528220335		27.246397411769586		43.73619356842885		325.8203555992368
469.0		-0.026239048577518662		120.02185713035246		27.24606033462106		43.73968551373956		325.8289676892955
470.0		-0.030130706259364794		120.0223469781475		27.246129504675316		43.74320319856483		325.83762728666494
471.0		-0.031396212953867686		120.0228331780117		27.2461984776209		43.74668848415429		325.8462276144267
472.0		-0.030006034320005388		120.02332562048643		27.24626757051815		43.75022926770798		325.85493014119953
473.0		-0.026836217884206523		120.02380628981737		27.24633620770717		43.75366545933472		325.8634407198562
474.0		-0.02401552792486553		120.02429678729314		27.246405078573748		43.7571890035737		325.87211205397386
475.0		-0.023793499024797337		120.02478745458276		27.24647387449022		43.76071407538032		325.880786450348
476.0		-0.02236733462288012		120.02559109417547		27.246136128015124		43.76420688295638		325.88940177430754
477.0		-0.020401801008243875		120.02639744019736		27.245798358524425		43.76772539697862		325.8980646087333
478.0		-0.019331425476606417		120.02688353078702		27.245866749951947		43.77121154352167		325.9066681537848
479.0		-0.018975715724528424		120.02737586033204		27.24593525700236		43.77475314210791		325.9153739501798
480.0		-0.02058812513175173		120.02785642081871		27.246003316494345		43.778190212722855		325.9238876612386
481.0		-0.019626279641688244		120.02834680631643		27.246071602916768		43.78171458648098		325.9325622515508
482.0		-0.013706158133947481		120.02883736128463		27.24613981428923		43.785240485164294		325.94123990407326
483.0		-0.008910954156944425		120.02932428483932		27.246207833185203		43.788734154613834		325.94985847063924
484.0		-0.0073392137707211525		120.0301299588232		27.24586939339894		43.79225349743642		325.95852455082183
485.0		-0.007738901003194347		120.03061603296699		27.24593721659853		43.7957405045435		325.96713132183874
486.0		-0.00887302405434773		120.03142402088362		27.245598649066395		43.79928291774486		325.975840396605
487.0		-0.009308402492518235		120.03190447184883		27.245666131179057		43.80272086700598		325.9843572486266
488.0		-0.0056044290912201054		120.03239474468444		27.24573383348026		43.80624606987599		325.99303510387904
489.0		0.0014232577472658957		120.03288518664654		27.24580146063209		43.80977279502352		326.00171602128904
490.0		0.004695393765737736		120.03337200011472		27.2458688978875		43.813267325946505		326.01033783920184
491.0		0.005615015445233134		120.03386169885		27.245936342407536		43.81678749715716		326.019007173863
492.0		0.007034153361369405		120.03434775589804		27.24600359748666		43.820275364435616		326.02761717956486
493.0		0.0076089803029637726		120.03515507035128		27.24566435907461		43.82381859181922		326.03632954147315
494.0		0.009934963723926462		120.03563550357855		27.24573127693008		43.82725741938387		326.04484954306616
495.0		0.014449288883831237		120.03644059737553		27.245391774001977		43.83078345093814		326.05353067201685
496.0		0.015310366107926483		120.03693092564775		27.245458817257493		43.83431100212634		326.062214863083
497.0		0.016562686956375656		120.03741762834719		27.24552567319233		43.83780639410318		326.0708399410971
498.0		0.018477514921915707		120.03790721324124		27.245592534368093		43.841327393289305		326.07951253900785
499.0		0.015017134054165498		120.03839315900218		27.245659208676127		43.84481612032772		326.08812578812933
500.0		0.012308944759751543		120.03888533513475		27.245725985692683		43.84836016145227		326.0968414459851
501.0		0.011348753705582929		120.03936574997769		27.245792339399635		43.851799866951296		326.1053646057588
502.0		0.012468227995161816		120.04017017007955		27.245452168123848		43.85532672676307		326.1140490172175
503.0		0.015621738830398978		120.04097457327347		27.24511188791104		43.85885510355522		326.1227364907344
504.0		0.01766967609993352		120.04146116452355		27.24517816284625		43.86235135616292		326.131364837648
505.0		0.020241880691817687		120.04195063489303		27.245244441003084		43.86587318288429		326.1400407075786
506.0		0.022402320220296854		120.04243646868728		27.24531053486162		43.86936276926579		326.14865720889463
507.0		0.022249077974055235		120.04292852918032		27.245376727120558		43.87290762367808		326.1573761715318
508.0		0.02108003758538903		120.04340883250613		27.245442504196077		43.876348206738506		326.1659024981377
509.0		0.02123454709625249		120.04389895202512		27.245508481340842		43.87987589435303		326.1745902009128
510.0		0.02100702287012355		120.04470268041659		27.245167533737373		43.88340509630588		326.1832809657132
511.0		0.023627346849287106		120.04518925325591		27.245233240575992		43.88690220910843		326.19191259035074
512.0		0.025276995787364802		120.04599195879936		27.244892066066843		43.89042486292586		326.2005917411235
513.0		0.024476921050490433		120.04647767994658		27.244957579798328		43.89391530821097		326.2092115034172
514.0		0.020261279346816666		120.04696962411666		27.24502318762776		43.897460975446045		326.2179337796983
515.0		0.012026531309631664		120.04744981525121		27.245088388393214		43.90090243568555		326.2264632818209
516.0		0.009009823582107345		120.04793981940657		27.245153782504214		43.90443095064458		326.2351542847646
517.0		0.013158373652256847		120.04842999137936		27.245219101044164		43.90796097729438		326.2438483496941
518.0		0.017046726488359178		120.04891654515868		27.24528423989631		43.91145894984488		326.2524832609101
519.0		0.01409466819929751		120.04971857479669		27.244942399691784		43.91498243029835		326.26116570135923
520.0		0.009977609134808035		120.05051678778031		27.24460034724838		43.918473734043744		326.2697887334572
521.0		0.008605086616168742		120.05100861494441		27.244665370977273		43.92202021362424		326.2785143322725
522.0		0.005434593210721859		120.05148869321413		27.24472999575497		43.92546255064653		326.28704701861966
523.0		0.00031570985600228463		120.0519785813244		27.244794807159757		43.928991892479196		326.2957413306115
524.0		-0.0006080482209250284		120.05246863690914		27.244859542896457		43.93252274335762		326.3044387045579
525.0		0.002860227885847789		120.05295507723102		27.24492410150476		43.936021575189294		326.31307691122106
526.0		0.0014691316613537832		120.05344438854866		27.24498865730216		43.93954588181502		326.3217626502244
527.0		-0.00047900545020054396		120.05393006957082		27.245053036419172		43.94303804356852		326.33038896098685
528.0		0.001574726642223582		120.05473373097762		27.24471039506846		43.94658533500223		326.33911789125005
529.0		-0.0034471232713374047		120.05552546140288		27.24436733005211		43.95002854839441		326.34765377054924
530.0		-0.0078009203845989675		120.05601523278776		27.24443155907912		43.9535587166222		326.3563514005056
531.0		-0.003999542171707622		120.05650517130327		27.244495712341518		43.957090391241955		326.3650520923718
532.0		-0.003044749536688447		120.05699149748997		27.244559691030606		43.96059008188809		326.3736936034015
533.0		-0.0061580689068571415		120.05748069159009		27.244623664906555		43.964115214202096		326.3823826498505
534.0		-0.006742719846010455		120.05796625796086		27.244687464657165		43.967608233488754		326.3910122481464
535.0		-0.0019902144851092754		120.05845803870534		27.24475134566203		43.97115633628169		326.3997445188188
536.0		0.0021539372456963832		120.05924909289428		27.244407623479653		43.974600425624075		326.4082835998348
537.0		0.00039333315733872153		120.05973884131762		27.24447128266137		43.97813141974801		326.41698455668484
538.0		-0.0008561473874547573		120.06053958957818		27.244127613158795		43.98166391761779		326.42568857541767
539.0		-0.00041593897462098713		120.06102580095121		27.244191012254166		43.985164466586795		326.43433339973797
540.0		-0.0032352621125142597		120.06151487715506		27.244254404538715		43.98869042410153		326.44302576256797
541.0		-0.004814953596568655		120.06200032819775		27.24431762524905		43.99218430044476		326.45165865731417
542.0		-0.0018783376779495453		120.06249198992074		27.24438092293193		43.99573321407643		326.460394277359
543.0		0.001908377752733073		120.06297191068272		27.24444384581925		43.99917817893636		326.46893656888307
544.0		0.002697916300115405		120.0634616354939		27.244506935272298		44.002709998450854		326.47764086159464
545.0		0.0030274613182863586		120.06426170510704		27.244162602998514		44.00624331906542		326.4863482161661
546.0		0.005026642522868294		120.0650579826388		27.243818068962643		44.009744725863115		326.4949963627473
547.0		0.0038520709559453923		120.06554694026694		27.24388087998665		44.013271508067		326.5036920509002
548.0		0.004320036423066865		120.06603227530532		27.24394352198385		44.016766240976004		326.51232825103784
549.0		0.0032172534479708763		120.06652381732646		27.244006236677407		44.020315964921465		326.5210672294615
550.0		-0.00043581123140237505		120.06700362256444		27.244068584664316		44.02376180485795		326.52961274031964
551.0		-0.0030756512534334517		120.0674932286408		27.24413109251686		44.02729444924387		326.538320377887
552.0		-0.0029801292055886643		120.06798300088379		27.244193524288892		44.03082859208066		326.54703107728835
553.0		-0.0033927053747670436		120.06846916821428		27.24425578906315		44.034330856195226		326.55568255511884
554.0		-0.006847541642625059		120.06926753395992		27.24391057310457		44.037858462580374		326.56438157759476
555.0		-0.008287031822055252		120.07006209431461		27.24356515865736		44.04135405154391		326.5730210920781
556.0		-0.007785212647701292		120.07055351595449		27.24362729069522		44.04490458526857		326.58176343792036
557.0		-0.007197195199893549		120.0710332049976		27.24368906410856		44.048351299823025		326.59031217695656
558.0		-0.005585865199998344		120.07152269166089		27.243750990692746		44.0518847685495		326.5990231684032
559.0		-0.0028593987178714957		120.07201234414781		27.243812841101768		44.05541973307596		326.6077372216581
560.0		-0.005159544270086644		120.07249839466564		27.24387452705171		44.058922853992186		326.61639203977234
561.0		-0.004289636156608879		120.07298730186109		27.243936200219085		44.06245128402268		326.62509440557034
562.0		0.0004154471371662508		120.07378118356698		27.243590128288727		44.06594772852909		326.6337372434041
563.0		0.0005799114179194141		120.07427257902204		27.24365168982008		44.06949907148035		326.6424829657227
564.0		-0.004550106653132357		120.07506065302155		27.243305287956417		44.072946660187355		326.6510349418191
565.0		-0.010612006396100913		120.07555001959372		27.243366633605277		44.07648095270751		326.6597492961905
566.0		-0.009787051832154284		120.07603955164757		27.243427902984852		44.08001673838382		326.6684667123608
567.0		-0.009379925976255447		120.07652548467667		27.243489010439642		44.08352071556254		326.6771248797991
568.0		-0.012227915014804339		120.0770142712942		27.24355010313128		44.08704996870585		326.6858305979764
569.0		-0.01155417797678207		120.07749944164456		27.243611034353467		44.090547268223126		326.6944767681792
570.0		-0.011252861847335722		120.07799081026391		27.24367202549945		44.09409941983921		326.70322587606665
571.0		-0.009815030254154242		120.07877820424531		27.24332497109004		44.097547882216276		326.7117810981242
572.0		-0.002788821208374789		120.07957520748609		27.24297802506662		44.10108299797861		326.72049882450864
573.0		0.006112100767542297		120.0800646184299		27.243038713751186		44.104619604247894		326.7292196126763
574.0		0.011060739437505195		120.08055043329556		27.24309924304095		44.108124437141974		326.73788113851634
575.0		0.011451986099363556		120.08103909865869		27.243159755591403		44.11165451284201		326.7465902181376
576.0		0.00871810260701112		120.08152415033422		27.243220109205335		44.1151526668305		326.75523972976487
577.0		0.004698487962775165		120.08201539656505		27.24328051848775		44.11870562653736		326.76399223234284
578.0		0.00037189715427394035		120.08249491827006		27.243340593224268		44.12215496209113		326.77255070929374
579.0		-0.0006268369515781561		120.0829842316885		27.243400801128814		44.12569090052844		326.78127181680236
580.0		-6.659591366913581e-05		120.0837806230944		27.243053108947926		44.12922832682259		326.78999598608
581.0		-0.0020108090086431996		120.08457323557651		27.242705228676336		44.13273401487684		326.79866087943594
582.0		-0.0011052537463571782		120.08506177900983		27.242765161421126		44.13626491256845		326.80737332960086
583.0		0.0013327292199411514		120.08554671133737		27.24282493775844		44.13976392047555		326.8160261917359
584.0		0.002068506053671557		120.08603783450259		27.242884765514557		44.143317687687144		326.8247820981556
585.0		0.0025609334132439873		120.08651723736497		27.24294426678279		44.14676789591486		326.8333438389654
586.0		0.001340252313279851		120.08700642869164		27.24300389454288		44.15030465644377		326.84206833673085
587.0		0.0028676563695290563		120.08749578453681		27.243063445724673		44.1538429021814		326.8507958962586
588.0		0.005415717112162705		120.08828771603643		27.242714910900784		44.15734944483063		326.85946416627837
589.0		0.004192523555858051		120.08877623129473		27.242774275582818		44.16088116393013		326.8681799961039
590.0		0.00530262505059243		120.08956711971591		27.242425523842083		44.16438102519185		326.87683621786044
591.0		0.008209006984473258		120.09005811913939		27.242484770410115		44.167935599312955		326.88559553730806
592.0		0.009113825088568894		120.09053740249135		27.242543698541468		44.17138667969463		326.89416055096154
593.0		0.006980551502948839		120.09102647105153		27.242602746493798		44.174924261726254		326.90288844815865
594.0		0.00290001451531111		120.09151570378786		27.242661717775565		44.178463326314606		326.9116194071075
595.0		0.0021278815747057074		120.09200134790831		27.24272053716847		44.18197072297142		326.92029106294905
596.0		0.0025687031492634066		120.09248983434489		27.242779333911294		44.18550326289668		326.9290102816078
597.0		0.0009941101741853943		120.09328004033692		27.242429929328782		44.18900397693278		326.93766987212115
598.0		-0.0012670418724275365		120.09377101028612		27.242488606326468		44.192559357348344		326.94643261379844
599.0		-0.0035509807297319307		120.09455540871983		27.24213889233816		44.19601130935978		326.95500090932404
600.0		-0.0016782546813024894		120.0950443538388		27.24219736082033		44.19954971228654		326.9637322151449
